7.318749198279477494e-10
7.457117688080450708e-10
7.719709916395576266e-10
8.080505027513195261e-10
8.505661108437154681e-10
8.958515704976092405e-10
9.404543037234821001e-10
9.815368737882198389e-10
1.017123097188736169e-09
1.046167376410952688e-09
1.068465378675899142e-09
1.084453802889073754e-09
1.094960785307676439e-09
1.100965649987242841e-09
1.103410938557076136e-09
1.103087472894550081e-09
1.100591576997884688e-09
1.096337854064621495e-09
1.090603624276907097e-09
1.083581910675430735e-09
1.075426215939592463e-09
1.066278890548729471e-09
1.056282625702038118e-09
1.045579627887530671e-09
1.034304836391702394e-09
1.022578742605078543e-09
1.010503154272983792e-09
9.981608336444185750e-10
9.856181733684309008e-10
9.729292885720130975e-10
9.601399858826838017e-10
9.472906593915251005e-10
9.344178663851826610e-10
9.215545774864514624e-10
9.087300383620524127e-10
8.959696768374339327e-10
8.832952118198610439e-10
8.707251992613226167e-10
8.582754577472469084e-10
8.459594187677173438e-10
8.337884234241401659e-10
8.217719774797277844e-10
8.099179726915010448e-10
7.982328802055962076e-10
7.867219204881186802e-10
7.753892132310050513e-10
7.642379098791049016e-10
7.532703107495853437e-10
7.424879686032615312e-10
7.318917801092257996e-10
7.214820664645041160e-10
7.112586444032085697e-10
7.012208887913539001e-10
6.913677879500459962e-10
6.816979929840213589e-10
6.722098620065278855e-10
6.629015000804202761e-10
6.537707953253127979e-10
6.448154514125939610e-10
6.360330164736344770e-10
6.274209083674908302e-10
6.189764364459803747e-10
6.106968201376129410e-10
6.025792049416503450e-10
5.946206765839410319e-10
5.868182742193123294e-10
5.791690031359753626e-10
5.716698471311228846e-10
5.643177803449237760e-10
5.571097779876581716e-10
5.500428253655445191e-10
5.431139247872601161e-10
5.363201003653978287e-10
5.296584011985996132e-10
5.231259037720788040e-10
5.167197145069710132e-10
5.104369731331793109e-10
5.042748570720948518e-10
4.982305864430686552e-10
4.923014288640173621e-10
4.864847030869639185e-10
4.807777807368763785e-10
4.751780859627206251e-10
4.696830934537781742e-10
4.642903257922036490e-10
4.589973513216933261e-10
4.538017835209333546e-10
4.487012823213187894e-10
4.436935571163258406e-10
4.387763705691569951e-10
4.339475420671348842e-10
4.292049496492627568e-10
4.245465297023136180e-10
4.199702743967613569e-10
4.154742274795216723e-10
4.110564794971821966e-10
4.067151636275128078e-10
4.024484530463844072e-10
3.982545602604233307e-10
3.941317382310446461e-10
3.900782826472707831e-10
3.860925344701876941e-10
3.821728818247528239e-10
3.783177606308060139e-10
3.745256537951761054e-10
3.707950891271394733e-10
3.671246364471237773e-10
3.635129045216475363e-10
3.599585383779819253e-10
3.564602174208683504e-10
3.530166545501597191e-10
3.496265961514644070e-10
3.462888227061729349e-10
3.430021496195833765e-10
3.397654278270758030e-10
3.365775437968680873e-10
3.334374186816746670e-10
3.303440065799708806e-10
3.272962920393300101e-10
3.242932871796693835e-10
3.213340289215776779e-10
3.184175767256779199e-10
3.155430112456135403e-10
3.127094340665020850e-10
3.099159684567273098e-10
3.071617608287006963e-10
3.044459824431601391e-10
3.017678308277547112e-10
2.991265304722313425e-10
2.965213325052230422e-10
2.939515133302875749e-10
2.914163724552866841e-10
2.889152298310487947e-10
2.864474231829434476e-10
2.840123057695497658e-10
2.816092448787760295e-10
2.792376211752130354e-10
2.768968288319270776e-10
2.745862762307512610e-10
2.723053869247485563e-10
2.700536005596107141e-10
2.678303735095349044e-10
2.656351790827971237e-10
2.634675072574493266e-10
2.613268639906848249e-10
2.592127701997179109e-10
2.571247605357430088e-10
2.550623820782506537e-10
2.530251930789639165e-10
2.510127618751434188e-10
2.490246660776385280e-10
2.470604921129543277e-10
2.451198351392313162e-10
2.432022992970434661e-10
2.413074981555310563e-10
2.394350551777288513e-10
2.375846040507151836e-10
2.357557886914223801e-10
2.339482628818104076e-10
2.321616895809888262e-10
2.303957332335761460e-10
2.286493441205997436e-10
2.269205487461066856e-10
2.252068699084924787e-10
2.235060279890551793e-10
2.218169600361781068e-10
2.201406756851238555e-10
2.184804162336398902e-10
2.168405750053707029e-10
2.152242408393518250e-10
2.136298629990185970e-10
2.120482794459670883e-10
2.104618362511574854e-10
2.088471588890875161e-10
2.071821058045346005e-10
2.054555639272939573e-10
2.036765885905781961e-10
2.018777252710768872e-10
2.001072291346663390e-10
1.984069182115565414e-10
1.967766576132149865e-10
1.951319918212309559e-10
1.932666179272757228e-10
1.908340570938335700e-10
1.873614461656758312e-10
1.823021595724014284e-10
1.751240784286913676e-10
1.654191629840183510e-10
1.530110872937252544e-10
1.380341702971653884e-10
1.209606247967115051e-10
1.025638371808905100e-10
